# [serial number in reference, serial number in GUI (start from 0)

linp = [[ 1, 61], [ 2, 60], [ 3, 49], [ 4, 63], [ 5, 48],
        [ 6, 37], [ 7, 62], [ 8, 51], [ 9, 36], [10, 25],
        [11, 65], [12, 50], [13, 39], [14, 24], [15, 13],
        [16, 64], [17, 53], [18, 38], [19, 27], [20, 12],
        [21,  1], [22, 67], [23, 52], [24, 41], [25, 26],
        [26, 15], [27,  0], [28, 66], [31, 55], [29, 40], 
        [32, 29], [30, 14], [33,  3], [34, 69], [35, 54], 
        [36, 43], [37, 28], [38, 17], [39,  2], [40, 68],
        [41, 57], [42, 42], [43, 31], [44, 16], [45,  5],
        [46, 71], [47, 56], [48, 45], [49, 30], [50, 19],
        [51,  4], [52, 70], [53, 59], [54, 44], [55, 33],
        [56, 18], [57,  7], [58, 58], [59, 47], [60, 32],
        [61, 21], [62,  6], [63, 46], [64, 35], [65, 20],
        [66,  9], [67, 34], [68, 23], [69,  8], [70, 22], 
        [71, 11], [72, 10]]
        
link = [[61,  1], [60,  2], [49,  3], [63,  4], [48,  5],
        [37,  6], [62,  7], [51,  8], [36,  9], [25, 10],
        [65, 11], [50, 12], [39, 13], [24, 14], [13, 15],
        [64, 16], [53, 17], [38, 18], [27, 19], [12, 20],
        [ 1, 21], [67, 22], [52, 23], [41, 24], [26, 25],
        [15, 26], [ 0, 27], [66, 28], [55, 31], [40, 29], 
        [29, 32], [14, 30], [ 3, 33], [69, 34], [54, 35], 
        [43, 36], [28, 37], [17, 38], [ 2, 39], [68, 40],
        [57, 41], [42, 42], [31, 43], [16, 44], [ 5, 45],
        [71, 46], [56, 47], [45, 48], [30, 49], [19, 50],
        [ 4, 51], [70, 52], [59, 53], [44, 54], [33, 55],
        [18, 56], [ 7, 57], [58, 58], [47, 59], [32, 60],
        [21, 61], [ 6, 62], [46, 63], [35, 64], [20, 65],
        [ 9, 66], [34, 67], [23, 68], [ 8, 69], [22, 70], 
        [11, 71], [10, 72]]
        
